Event	Purity
0	0.1518987341772152
1	0.023255813953488372
2	0.17791411042944785
3	0.2808988764044944
4	0.9380952380952381
5	0.10736196319018405
6	0.7875
7	0.19708029197080293
8	0.2631578947368421
9	0.08627450980392157
10	0.21739130434782608
11	0.19014084507042253
12	0.09852216748768473
13	0.8647058823529412
14	0.0547945205479452
15	0.023255813953488372
16	0.7786885245901639
17	0.11356466876971609
18	0.8823529411764706
19	0.8790697674418605
20	0.08450704225352113
21	0.9428571428571428
22	0.8823529411764706
23	0.8616352201257862
24	0.036036036036036036
25	0.872
26	0.21973094170403587
27	0.8647058823529412
28	0.17791411042944785
29	0.8071428571428572
30	0.8552631578947368
31	0.11356466876971609
32	0.09393939393939393
33	0.0635593220338983
34	0.10160427807486631
35	0.878125
36	0.16666666666666666
37	0.2251655629139073
38	0.034482758620689655
39	0.21973094170403587
40	0.9471153846153846
41	0.7650602409638554
42	0.22297297297297297
43	0.9248554913294798
44	0.16666666666666666
45	0.9166666666666666
46	0.9248554913294798
47	0.1378299120234604
48	0.09393939393939393
49	0.8823529411764706
50	0.16666666666666666
51	0.4157303370786517
52	0.034482758620689655
53	0.27485380116959063
54	0.8647058823529412
55	0.10160427807486631
56	0.9375
57	0.8041237113402062
58	0.21973094170403587
59	0.16037735849056603
60	0.023255813953488372
61	0.8325358851674641
62	0.591304347826087
63	0.7297297297297297
64	0.1378299120234604
65	0.9537037037037037
66	0.1553398058252427
67	0.19014084507042253
68	0.034482758620689655
69	0.878125
70	0.07984790874524715
71	0.1872146118721461
72	0.9166666666666666
73	0.9282511210762332
74	0.5555555555555556
75	0.08940397350993377
76	0.5555555555555556
77	0.8888888888888888
78	0.8041237113402062
79	0.09178743961352658
80	0.8753799392097265
81	0.25
82	0.8867924528301887
83	0.9206349206349206
84	0.5119047619047619
85	0.09852216748768473
86	0.37037037037037035
87	0.9113924050632911
88	0.09852216748768473
89	0.21973094170403587
90	0.8655913978494624
91	0.11787072243346007
92	0.8333333333333334
93	0.878125
94	0.0547945205479452
95	0.37037037037037035
96	0.8870967741935484
97	0.10736196319018405
98	0.08108108108108109
99	0.3356643356643357
100	0.8625954198473282
101	0.2251655629139073
102	0.11356466876971609
103	0.8522727272727273
104	0.9166666666666666
105	0.8615384615384616
106	0.25
107	0.8647058823529412
108	0.34782608695652173
109	0.5950413223140496
110	0.7786885245901639
111	0.11787072243346007
112	0.0196078431372549
113	0.8522727272727273
114	0.17791411042944785
115	0.9471153846153846
116	0.9206349206349206
117	0.1378299120234604
118	0.9471153846153846
119	0.8655913978494624
120	0.8647058823529412
121	0.0635593220338983
122	0.7391304347826086
123	0.8867924528301887
124	0.9166666666666666
125	0.7978723404255319
126	0.036036036036036036
127	0.8753799392097265
128	0.9380952380952381
129	0.9058823529411765
130	0.8552631578947368
131	0.8867924528301887
132	0.9537037037037037
133	0.8753799392097265
134	0.8041237113402062
135	0.9471153846153846
136	0.9206349206349206
137	0.10891089108910891
138	0.19014084507042253
139	0.5319148936170213
140	0.3356643356643357
141	0.34782608695652173
142	0.9166666666666666
143	0.8522727272727273
144	0.6951219512195121
145	0.8962962962962963
146	0.27485380116959063
147	0.08940397350993377
148	0.8647058823529412
149	0.8647058823529412
150	0.8753799392097265
151	0.015873015873015872
152	0.9365853658536586
153	0.1282051282051282
154	0.872
155	0.1187214611872146
156	0.8753799392097265
157	0.48
158	0.7297297297297297
159	0.25
160	0.10891089108910891
161	0.07984790874524715
162	0.6311475409836066
163	0.8647058823529412
164	0.8636363636363636
165	0.9591836734693877
166	0.8962962962962963
167	0.8430232558139535
168	0.8647058823529412
169	0.08940397350993377
170	0.9380952380952381
171	0.14285714285714285
172	0.08627450980392157
173	0.11787072243346007
174	0.1187214611872146
175	0.878125
176	0.9537037037037037
177	0.08940397350993377
178	0.8962962962962963
179	0.16666666666666666
180	0.8333333333333334
181	0.21973094170403587
182	0.10638297872340426
183	0.878125
184	0.9329896907216495
185	0.48
186	0.8625954198473282
187	0.16666666666666666
188	0.8962962962962963
189	0.7864077669902912
190	0.8790697674418605
191	0.0635593220338983
192	0.9471153846153846
193	0.8611111111111112
194	0.09852216748768473
195	0.0635593220338983
196	0.878125
197	0.21951219512195122
198	0.19014084507042253
199	0.8647058823529412
200	0.7297297297297297
201	0.9166666666666666
202	0.8430232558139535
203	0.1187214611872146
204	0.591304347826087
205	0.2251655629139073
206	0.8753799392097265
207	0.6951219512195121
208	0.8790697674418605
209	0.11787072243346007
210	0.8979591836734694
211	0.16666666666666666
212	0.7786885245901639
213	0.8333333333333334
214	0.8325358851674641
215	0.8647058823529412
216	0.09178743961352658
217	0.11356466876971609
218	0.16326530612244897
219	0.8878504672897196
220	0.8430232558139535
221	0.036036036036036036
222	0.9408866995073891
223	0.5
224	0.7650602409638554
225	0.27485380116959063
226	0.21973094170403587
227	0.09393939393939393
228	0.19014084507042253
229	0.9375
230	0.878125
231	0.08940397350993377
232	0.8962962962962963
233	0.8802395209580839
234	0.9206349206349206
235	0.15053763440860216
236	0.22297297297297297
237	0.8979591836734694
238	0.8771498771498771
239	0.09852216748768473
240	0.050505050505050504
241	0.08627450980392157
242	0.034482758620689655
243	0.9206349206349206
244	0.23076923076923078
245	0.9591836734693877
246	0.8878504672897196
247	0.07984790874524715
248	0.1282051282051282
249	0.07984790874524715
250	0.8802395209580839
251	0.782051282051282
252	0.7391304347826086
253	0.10638297872340426
254	0.1378299120234604
255	0.8647058823529412
256	0.5
257	0.7650602409638554
258	0.8771498771498771
259	0.8878504672897196
260	0.23076923076923078
261	0.7978723404255319
262	0.050505050505050504
263	0.07984790874524715
264	0.08627450980392157
265	0.1258741258741259
266	0.878125
267	0.591304347826087
268	0.8616352201257862
269	0.591304347826087
270	0.11356466876971609
271	0.10160427807486631
272	0.16326530612244897
273	0.8790697674418605
274	0.16326530612244897
275	0.16666666666666666
276	0.3356643356643357
277	0.08627450980392157
278	0.08627450980392157
279	0.10891089108910891
280	0.16560509554140126
281	0.16037735849056603
282	0.023255813953488372
283	0.10736196319018405
284	0.8430232558139535
285	0.23076923076923078
286	0.6016949152542372
287	0.8430232558139535
288	0.8655913978494624
289	0.8753799392097265
290	0.8522727272727273
291	0.8790697674418605
292	0.08627450980392157
293	0.9705882352941176
294	0.0547945205479452
295	0.8333333333333334
296	0.8962962962962963
297	0.2251655629139073
298	0.7864077669902912
299	0.9375
300	0.9523809523809523
301	0.9380952380952381
302	0.11787072243346007
303	0.15053763440860216
304	0.07352941176470588
305	0.9471153846153846
306	0.9380952380952381
307	0.08940397350993377
308	0.10736196319018405
309	0.17791411042944785
310	0.8771498771498771
311	0.1378299120234604
312	0.8071428571428572
313	0.8616352201257862
314	0.9206349206349206
315	0.3356643356643357
316	0.9591836734693877
317	0.9282511210762332
318	1
319	0.9282511210762332
320	0.9537037037037037
321	0.9705882352941176
322	0.056
323	0.9537037037037037
324	1
325	0.16326530612244897
326	0.8979591836734694
327	0.9282511210762332
328	0.8823529411764706
329	0.48
330	0.08627450980392157
331	0.8041237113402062
332	0.8430232558139535
333	0.9365853658536586
334	0.8771498771498771
335	0.09178743961352658
336	0.872
337	0.09178743961352658
338	0.10638297872340426
339	0.8647058823529412
340	0.48
341	0.11787072243346007
342	0.3356643356643357
343	0.8616352201257862
344	0.17791411042944785
345	0.6629213483146067
346	0.7297297297297297
347	0.8771498771498771
348	0.22297297297297297
349	0.8790697674418605
350	0.7875
351	0.9471153846153846
352	0.9206349206349206
353	0.16037735849056603
354	0.8333333333333334
355	0.9537037037037037
356	0.878125
357	0.1378299120234604
358	0.8888888888888888
359	0.9206349206349206
360	0.1378299120234604
361	0.8430232558139535
362	0.09178743961352658
363	0.16037735849056603
364	0.8870967741935484
365	0.8071428571428572
366	0.22297297297297297
367	0.16666666666666666
368	0.17699115044247787
369	0.07984790874524715
370	0.878125
371	0.878125
372	0.8616352201257862
373	0.9471153846153846
374	0.8333333333333334
375	0.8888888888888888
376	0.15053763440860216
377	0.8753799392097265
378	0.39473684210526316
379	0.8552631578947368
380	0.8771498771498771
381	0.12307692307692308
382	0.7864077669902912
383	0.0196078431372549
384	0.8753799392097265
385	0.9282511210762332
386	0.14285714285714285
387	0.8753799392097265
388	0.9428571428571428
389	0.1518987341772152
390	0.9206349206349206
391	0.8878504672897196
392	0.8636363636363636
393	0.1872146118721461
394	0.8867924528301887
395	0.9248554913294798
396	0.9166666666666666
397	0.3356643356643357
398	0.9329896907216495
399	0.9705882352941176
400	0.09852216748768473
401	0.878125
402	0.37037037037037035
403	0.8625954198473282
404	0.2631578947368421
405	0.16666666666666666
406	0.878125
407	0.591304347826087
408	0.5950413223140496
409	0.2251655629139073
410	0.10160427807486631
411	0.8771498771498771
412	0.8616352201257862
413	0.19708029197080293
414	0.15053763440860216
415	0.6097560975609756
416	0.9380952380952381
417	0.0635593220338983
418	0.8802395209580839
419	0.8325358851674641
420	0.19148936170212766
421	0.09852216748768473
422	0.2251655629139073
423	0.9113924050632911
424	0.23076923076923078
425	0.21973094170403587
426	0.8625954198473282
427	0.9428571428571428
428	0.09852216748768473
429	0.09852216748768473
430	0.16037735849056603
431	0.1378299120234604
432	0.8979591836734694
433	0.9206349206349206
434	0.8616352201257862
435	0.09178743961352658
436	0.9408866995073891
437	0.11787072243346007
438	0.036036036036036036
439	0.11356466876971609
440	0.16666666666666666
441	0.8071428571428572
442	0.5950413223140496
443	0.782051282051282
444	0.036036036036036036
445	0.7650602409638554
446	0.1378299120234604
447	0.9375
448	0.591304347826087
449	0.1872146118721461
450	0.10736196319018405
451	0.7786885245901639
452	0.878125
453	0.8867924528301887
454	0.10736196319018405
455	0.8647058823529412
456	0.8647058823529412
457	0.8870967741935484
458	0.19014084507042253
459	0.23076923076923078
460	0.08627450980392157
461	0.056
462	0.6236559139784946
463	0.782051282051282
464	0.9380952380952381
465	0.7155963302752294
466	0.19148936170212766
467	0.6097560975609756
468	0.23076923076923078
469	0.9705882352941176
470	0.8625954198473282
471	0.7761194029850746
472	0.3356643356643357
473	0.023255813953488372
474	0.5950413223140496
475	0.034482758620689655
476	0.8870967741935484
477	0.878125
478	0.11787072243346007
479	0.3356643356643357
480	0.8333333333333334
481	0.5555555555555556
482	0.8616352201257862
483	0.2857142857142857
484	0.06521739130434782
485	0.1553398058252427
486	0.8962962962962963
487	0.8878504672897196
488	0.5319148936170213
489	0.8753799392097265
490	0.8823529411764706
491	0.8753799392097265
492	0.8552631578947368
493	0.7978723404255319
494	0.6629213483146067
495	0.1553398058252427
496	0.9380952380952381
497	0.8753799392097265
498	0.8325358851674641
499	0.16037735849056603
500	0.782051282051282
501	0.21973094170403587
502	0.37037037037037035
503	0.4157303370786517
504	0.6236559139784946
505	0.8041237113402062
506	0.1378299120234604
507	0.08627450980392157
508	0.8616352201257862
509	0.8771498771498771
510	0.9248554913294798
511	0.8979591836734694
512	0.8888888888888888
513	0.0635593220338983
514	0.8430232558139535
515	0.8333333333333334
516	0.8611111111111112
517	1
518	0.08627450980392157
519	0.7391304347826086
520	0.8888888888888888
521	0.1378299120234604
522	0.8041237113402062
523	0.9329896907216495
524	0.7297297297297297
525	0.8753799392097265
526	0.11356466876971609
527	0.9107142857142857
528	0.8802395209580839
529	0.8790697674418605
530	0.1872146118721461
531	0.10736196319018405
532	0.8655913978494624
533	0.878125
534	0.8647058823529412
535	0.9329896907216495
536	0.6236559139784946
537	0.878125
538	0.2808988764044944
539	0.6956521739130435
540	0.9471153846153846
541	0.872
542	0.08940397350993377
543	0.878125
544	0.2631578947368421
545	0.8333333333333334
546	0.09393939393939393
547	0.7297297297297297
548	0.07352941176470588
549	0.8867924528301887
550	0.8771498771498771
551	0.9329896907216495
552	0.9329896907216495
553	0.591304347826087
554	0.16666666666666666
555	0.023255813953488372
556	0.8325358851674641
557	0.16037735849056603
558	0.8888888888888888
559	0.16393442622950818
560	0.3356643356643357
561	0.16666666666666666
562	0.6236559139784946
563	0.27485380116959063
564	0.9375
565	0.9537037037037037
566	0.1187214611872146
567	0.07984790874524715
568	0.036036036036036036
569	0.9365853658536586
570	0.872
571	0.8325358851674641
572	0.6236559139784946
573	0.17791411042944785
574	0.8625954198473282
575	0.5950413223140496
576	0.8771498771498771
577	0.10891089108910891
578	0.0635593220338983
579	0.0635593220338983
580	0.7761194029850746
581	0.7155963302752294
582	0.8615384615384616
583	0.11356466876971609
584	0.5
585	0.8962962962962963
586	0.8041237113402062
587	0.09393939393939393
588	0.8790697674418605
589	0.07984790874524715
590	0.9058823529411765
591	0.1378299120234604
592	0.14285714285714285
593	0.10736196319018405
594	0.050505050505050504
595	0.5
596	0.7761194029850746
597	0.8655913978494624
598	0.9329896907216495
599	0.1553398058252427
600	0.07984790874524715
601	0.8878504672897196
602	0.8647058823529412
603	0.8823529411764706
604	0.7297297297297297
605	0.07984790874524715
606	0.11787072243346007
607	0.1553398058252427
608	0.591304347826087
609	0.9380952380952381
610	0.19014084507042253
611	0.8870967741935484
612	0.19148936170212766
613	0.21973094170403587
614	0.17791411042944785
615	0.07984790874524715
616	0.9428571428571428
617	0.8333333333333334
618	0.4157303370786517
619	0.08940397350993377
620	0.08940397350993377
621	0.8979591836734694
622	0.9113924050632911
623	0.05454545454545454
624	0.8616352201257862
625	0.2808988764044944
626	0.878125
627	0.7650602409638554
628	0.3356643356643357
629	0.9107142857142857
630	0.7650602409638554
631	0.11356466876971609
632	0.8647058823529412
633	0.8771498771498771
634	0.056
635	0.8823529411764706
636	0.16666666666666666
637	0.10736196319018405
638	0.3356643356643357
639	0.8269230769230769
640	0.9365853658536586
641	0.19014084507042253
642	0.0625
643	0.9166666666666666
644	0.9206349206349206
645	0.10736196319018405
646	0.8771498771498771
647	0.8522727272727273
648	0.7391304347826086
649	0.27485380116959063
650	0.9428571428571428
651	0.21951219512195122
652	0.8771498771498771
653	0.8823529411764706
654	0.19014084507042253
655	0.4157303370786517
656	0.08940397350993377
657	0.8333333333333334
658	0.9206349206349206
659	0.16666666666666666
660	0.6016949152542372
661	0.9365853658536586
662	0.21951219512195122
663	0.07352941176470588
664	0.8430232558139535
665	0.14285714285714285
666	0.9705882352941176
667	0.7297297297297297
668	0.10736196319018405
669	0.9523809523809523
670	0.9365853658536586
671	0.19014084507042253
672	0.8636363636363636
673	0.17699115044247787
674	0.8771498771498771
675	0.5319148936170213
676	0.618421052631579
677	0.8771498771498771
678	0.21973094170403587
679	0.878125
680	0.9329896907216495
681	0.19148936170212766
682	0.8878504672897196
683	0.1872146118721461
684	0.8753799392097265
685	0.056
686	0.09393939393939393
687	0.34782608695652173
688	0.9408866995073891
689	0.9282511210762332
690	0.8333333333333334
691	0.15053763440860216
692	0.591304347826087
693	0.16037735849056603
694	0.8430232558139535
695	0.7155963302752294
696	0.6097560975609756
697	0.6236559139784946
698	0.17791411042944785
699	0.19014084507042253
700	0.5555555555555556
701	0.8325358851674641
702	0.8041237113402062
703	1
704	0.7786885245901639
705	0.2857142857142857
706	0.5319148936170213
707	0.09178743961352658
708	0.8802395209580839
709	0.872
710	0.34782608695652173
711	0.09178743961352658
712	0.8071428571428572
713	0.878125
714	0.9282511210762332
715	0.9329896907216495
716	0.1282051282051282
717	0.1872146118721461
718	0.8878504672897196
719	0.9107142857142857
720	0.8867924528301887
721	0.8616352201257862
722	0.10160427807486631
723	0.9206349206349206
724	0.9523809523809523
725	0.9365853658536586
726	0.19708029197080293
727	0.9591836734693877
728	0.2808988764044944
729	0.5
730	0.8771498771498771
731	0.0547945205479452
732	0.10736196319018405
733	0.8269230769230769
734	0.11356466876971609
735	0.5555555555555556
736	0.6097560975609756
737	0.7761194029850746
738	0.9166666666666666
739	0.07984790874524715
740	0.9408866995073891
741	0.878125
742	0.11356466876971609
743	0.9248554913294798
744	0.9471153846153846
745	0.14285714285714285
746	0.8647058823529412
747	0.16666666666666666
748	0.7297297297297297
749	0.16393442622950818
750	0.07352941176470588
751	0.22297297297297297
752	0.16326530612244897
753	0.050505050505050504
754	0.8325358851674641
755	0.17699115044247787
756	0.8655913978494624
757	0.8625954198473282
758	0.9380952380952381
759	0.1872146118721461
760	0.8647058823529412
761	0.9206349206349206
762	0.8647058823529412
763	0.16037735849056603
764	0.1872146118721461
765	0.9380952380952381
766	0.8962962962962963
767	0.25
768	0.8647058823529412
769	0.22297297297297297
770	0.8790697674418605
771	0.22988505747126436
772	0.08940397350993377
773	0.19014084507042253
774	0.9113924050632911
775	0.8790697674418605
776	0.1258741258741259
777	0.8823529411764706
778	0.8962962962962963
779	0.9206349206349206
780	0.08940397350993377
781	0.8269230769230769
782	0.10736196319018405
783	0.16037735849056603
784	0.9248554913294798
785	0.37037037037037035
786	0.8790697674418605
787	0.10736196319018405
788	0.21951219512195122
789	0.8647058823529412
790	0.16560509554140126
791	0.7786885245901639
792	0.9471153846153846
793	0.17791411042944785
794	0.1872146118721461
795	0.9380952380952381
796	0.07984790874524715
797	0.034482758620689655
798	0.8655913978494624
799	0.034482758620689655
800	0.9428571428571428
801	0.8867924528301887
802	0.8878504672897196
803	0.8325358851674641
804	0.8867924528301887
805	0.023255813953488372
806	0.09852216748768473
807	0.06521739130434782
808	0.023255813953488372
809	0.19014084507042253
810	0.13636363636363635
811	0.9428571428571428
812	0.050505050505050504
813	0.16393442622950818
814	0.1518987341772152
815	0.8430232558139535
816	0.015873015873015872
817	0.10736196319018405
818	0.8867924528301887
819	0.2251655629139073
820	0.9428571428571428
821	0.15053763440860216
822	0.9329896907216495
823	0.9471153846153846
824	0.08940397350993377
825	0.08940397350993377
826	0.050505050505050504
827	0.8790697674418605
828	0.6629213483146067
829	0.8636363636363636
830	0.9058823529411765
831	0.16666666666666666
832	0.036036036036036036
833	0.1378299120234604
834	0.7650602409638554
835	0.16037735849056603
836	0.1872146118721461
837	0.1378299120234604
838	0.9365853658536586
839	0.27485380116959063
840	0.8552631578947368
841	0.8269230769230769
842	0.16666666666666666
843	0.5555555555555556
844	0.08627450980392157
845	0.8655913978494624
846	0.8325358851674641
847	0.3356643356643357
848	0.6236559139784946
849	0.21973094170403587
850	0.618421052631579
851	0.16037735849056603
852	0.1378299120234604
853	0.9705882352941176
854	0.7978723404255319
855	0.10638297872340426
856	0.9166666666666666
857	0.08940397350993377
858	0.39473684210526316
859	0.6097560975609756
860	0.872
861	0.11356466876971609
862	0.19708029197080293
863	0.16037735849056603
864	0.1258741258741259
865	0.878125
866	0.0547945205479452
867	0.8823529411764706
868	0.9329896907216495
869	0.11356466876971609
870	0.8867924528301887
871	0.08940397350993377
872	0.056
873	0.1872146118721461
874	0.7391304347826086
875	0.7297297297297297
876	0.22
877	0.5319148936170213
878	0.8655913978494624
879	0.8616352201257862
880	0.8071428571428572
881	0.1258741258741259
882	0.11787072243346007
883	0.0547945205479452
884	0.8647058823529412
885	0.9408866995073891
886	0.48
887	0.7297297297297297
888	0.2808988764044944
889	0.7786885245901639
890	0.7786885245901639
891	0.050505050505050504
892	0.16666666666666666
893	0.9248554913294798
894	0.8790697674418605
895	0.7786885245901639
896	0.22297297297297297
897	0.9705882352941176
898	0.8753799392097265
899	1
900	0.11787072243346007
901	0.9471153846153846
902	0.12307692307692308
903	0.0635593220338983
904	0.8325358851674641
905	0.1378299120234604
906	0.8655913978494624
907	0.14285714285714285
908	0.08450704225352113
909	0.9537037037037037
910	0.8552631578947368
911	0.08627450980392157
912	0.8325358851674641
913	0.6956521739130435
914	0.8962962962962963
915	0.11356466876971609
916	0.8333333333333334
917	0.6016949152542372
918	0.17791411042944785
919	0.2857142857142857
920	0.09178743961352658
921	0.09178743961352658
922	0.8616352201257862
923	0.11787072243346007
924	0.37037037037037035
925	0.9329896907216495
926	0.023255813953488372
927	0.8616352201257862
928	0.8823529411764706
929	0.9408866995073891
930	0.25
931	0.6951219512195121
932	0.8802395209580839
933	0.8962962962962963
934	0.9329896907216495
935	0.8962962962962963
936	0.17791411042944785
937	0.5319148936170213
938	0.07984790874524715
939	0.8071428571428572
940	0.21951219512195122
941	0.3356643356643357
942	0.8771498771498771
943	0.6629213483146067
944	0.1518987341772152
945	0.08940397350993377
946	0.9282511210762332
947	0.10638297872340426
948	0.7155963302752294
949	0.1378299120234604
950	0.0635593220338983
951	0.8071428571428572
952	0.9282511210762332
953	0.08627450980392157
954	0.0625
955	0.17699115044247787
956	0.9523809523809523
957	0.07984790874524715
958	0.27485380116959063
959	0.09178743961352658
960	0.6956521739130435
961	0.11356466876971609
962	0.9248554913294798
963	0.591304347826087
964	0.8790697674418605
965	0.8867924528301887
966	0.1872146118721461
967	0.9329896907216495
968	0.9408866995073891
969	0.8802395209580839
970	0.6629213483146067
971	0.22988505747126436
972	0.37037037037037035
973	0.16560509554140126
974	0.8979591836734694
975	0.07984790874524715
976	0.8325358851674641
977	0.8625954198473282
978	0.8655913978494624
979	0.8870967741935484
980	0.21951219512195122
981	0.3356643356643357
982	0.9591836734693877
983	0.9282511210762332
984	0.1872146118721461
985	0.8625954198473282
986	0.8333333333333334
987	0.8647058823529412
988	0.872
989	0.8522727272727273
990	0.8625954198473282
991	0.8647058823529412
992	0.09393939393939393
993	0.5319148936170213
994	0.8753799392097265
995	0.08940397350993377
996	0.8753799392097265
997	0.1378299120234604
998	0.8771498771498771
999	0.09178743961352658
